id
109
Plane_x1 
   0.999922
-0.00814279
 0.00947942
    4.45379
Plane_x2 
 -0.999585
0.00811621
 0.0276294
  -1.12358
Plane_y1 
-0.0119875
 -0.997848
 0.0644718
   12.7037
Plane_y2 
 0.0153131
  0.999724
-0.0178064
  -8.43114
plane_x1_id 
64
plane_x2_id 
73
plane_y1_id 
91
plane_y2_id 
96
plane_x1_node 
  0.999915
-0.0083095
0.00999952
   4.45386
plane_x2_node 
 -0.999607
0.00866644
  0.026648
  -1.12497
plane_y1_node 
-0.0107348
 -0.997748
 0.0662097
   12.7026
plane_y2_node 
 0.0141064
  0.999733
-0.0183192
  -8.43118
room_node 
        1         0         0  -2.66124
        0         1         0   10.5749
        0         0         1 -0.107092
        0         0         0         1
room_keyframes_ids
