id
116
Plane_x1 
   0.999946
-0.00940394
-0.00448438
    0.98801
Plane_x2 
 -0.996933
-0.0460585
 0.0632634
   3.55362
Plane_y1 
-0.0107348
 -0.997748
 0.0662097
   12.7026
Plane_y2 
  0.010211
  0.999312
-0.0356685
  -10.7228
plane_x1_id 
60
plane_x2_id 
97
plane_y1_id 
91
plane_y2_id 
108
plane_x1_node 
   0.999935
 -0.0100225
-0.00543307
   0.990917
plane_x2_node 
 -0.996907
-0.0465788
 0.0633059
   3.56311
plane_y1_node 
-0.00831309
  -0.997725
  0.0669025
    12.7048
plane_y2_node 
0.00792013
  0.999433
-0.0327281
  -10.7254
room_node 
        1         0         0   1.38167
        0         1         0   11.7851
        0         0         1  -1.03651
 -8.18919  0.930688 0.0536491 -0.929141
room_keyframes_ids
