id
76
Plane_x1 
  0.999827
-0.0055942
 0.0177563
   4.44906
Plane_x2 
 -0.999752
0.00771827
 0.0208688
  -1.11899
Plane_y1 
0.00668092
  0.999508
 0.0306493
   1.17734
Plane_y2 
-0.00699827
  -0.999819
  0.0177186
    1.77931
plane_x1_id 
64
plane_x2_id 
73
plane_y1_id 
62
plane_y2_id 
72
plane_x1_node 
   0.999902
-0.00834637
  0.0111984
    4.45267
plane_x2_node 
 -0.999654
0.00961308
 0.0244782
  -1.12455
plane_y1_node 
0.00994878
  0.999414
 0.0327496
   1.16955
plane_y2_node 
-0.00849774
  -0.999894
  0.0118392
    1.79303
room_node 
         1          0          0    -2.7864
         0          1          0   0.335973
         0          0          1 -0.0616291
         0          0          0          1
room_keyframes_ids
