id
84
Plane_x1 
   0.999915
-0.00692882
  0.0110701
    4.45344
Plane_x2 
  -0.99952
0.00811655
 0.0299015
  -1.12502
Plane_y1 
0.00739142
  0.999908
 0.0114029
   -2.0329
Plane_y2 
-0.00498544
  -0.999528
  0.0303242
    6.59031
plane_x1_id 
66
plane_x2_id 
75
plane_y1_id 
69
plane_y2_id 
70
plane_x1_node 
   0.999949
-0.00386918
 0.00934108
    4.44967
plane_x2_node 
 -0.999639
0.00421775
 0.0265433
   -1.1205
plane_y1_node 
0.00633208
  0.999864
 0.0152387
  -2.04659
plane_y2_node 
0.00260006
 -0.999578
 0.0289293
   6.61259
room_node 
         1          0          0   -2.78716
         0          1          0      4.339
         0          0          1 -0.0961627
         0          0          0          1
room_keyframes_ids
