id
61
Plane 
-0.999775
0.0057741
0.0203903
  2.28899
plane_body
-0.998626
0.0024943
0.0523521
  2.28376
Covariance
1 0 0
0 1 0
0 0 1
keyframe_node_id
58
keyframe_node_pose
    0.999933  -0.00291209     0.011197   0.00142824
  0.00290734     0.999996  0.000440667   0.00530572
  -0.0111983 -0.000408084     0.999937    0.0133898
           0            0            0            1
plane_node_id
61
plane_node_pose
-0.998626
0.0024943
0.0523521
  2.28376
type
x
color
2
254
26
fixed
0
keyframe_vec_node_ids
58
63
66
78
81
83
85
