id
73
Plane 
-0.999746
0.0091004
0.0206249
 -1.12571
plane_body
 -0.999607
0.00866644
  0.026648
  -1.12497
Covariance
1 0 0
0 1 0
0 0 1
keyframe_node_id
71
keyframe_node_pose
 -0.0015847    0.999846   0.0175194    -1.63435
  -0.999998 -0.00155501 -0.00170794    0.441447
-0.00168043  -0.0175221    0.999845   0.0974059
          0           0           0           1
plane_node_id
73
plane_node_pose
 -0.999607
0.00866644
  0.026648
  -1.12497
type
x
color
11
26
225
fixed
0
keyframe_vec_node_ids
71
74
75
77
86
89
105
106
