id
71
Plane_x1 
 0.999193
0.0188529
0.0354734
   1.7677
Plane_x2 
-0.999544
-0.019243
0.0232598
  1.47451
Plane_y1 
 -0.02174
 0.999199
0.0335873
  2.02209
Plane_y2 
0.0256829
-0.999442
0.0213335
  2.59444
plane_x1_id 
59
plane_x2_id 
60
plane_y1_id 
61
plane_y2_id 
64
plane_x1_node 
 0.999101
0.0180092
0.0383737
  1.77216
plane_x2_node 
 -0.999775
-0.0193446
 0.0086872
   1.47476
plane_y1_node 
-0.0201909
  0.998093
 0.0583306
   2.02753
plane_y2_node 
  0.0225276
  -0.999742
-0.00281885
    2.59211
room_node 
        1         0         0 -0.156799
        0         1         0  0.282196
        0         0         1 -0.110134
        0         0         0         1
room_keyframes_ids
