id
60
Plane 
  0.999875
-0.0062041
 0.0145757
  0.981336
plane_body
   0.999961
-0.00618591
 0.00622444
   0.981962
Covariance
1 0 0
0 1 0
0 0 1
keyframe_node_id
58
keyframe_node_pose
     0.99999 -0.000852671   0.00447858  -0.00101649
 0.000849527     0.999999   0.00070387  0.000404181
 -0.00447918 -0.000700058      0.99999    0.0135234
           0            0            0            1
plane_node_id
60
plane_node_pose
   0.999961
-0.00618591
 0.00622444
   0.981962
type
x
color
60
236
84
fixed
0
keyframe_vec_node_ids
58
63
