id
77
Plane 
  -0.99822
-0.0203487
 0.0560668
   5.64586
plane_body
 -0.999206
-0.0197787
 0.0345915
    5.6672
Covariance
1 0 0
0 1 0
0 0 1
keyframe_node_id
76
keyframe_node_pose
   0.999948 -0.00900071  0.00487615     2.03408
 0.00907496     0.99984  -0.0154259   -0.905394
-0.00473652   0.0154694    0.999869  -0.0208679
          0           0           0           1
plane_node_id
77
plane_node_pose
 -0.999206
-0.0197787
 0.0345915
    5.6672
type
x
color
169
112
8
fixed
0
keyframe_vec_node_ids
76
76
80
81
84
85
86
86
90
92
95
97
99
