id
60
Plane 
  0.999875
-0.0062041
 0.0145757
  0.981336
plane_body
   0.999935
 -0.0100225
-0.00543307
   0.990917
Covariance
1 0 0
0 1 0
0 0 1
keyframe_node_id
58
keyframe_node_pose
    0.999899   0.00160017    0.0141052  -0.00995571
 -0.00161383     0.999998  0.000956725   0.00508396
  -0.0141036 -0.000979392       0.9999    0.0201583
           0            0            0            1
plane_node_id
60
plane_node_pose
   0.999935
 -0.0100225
-0.00543307
   0.990917
type
x
color
60
236
84
fixed
0
keyframe_vec_node_ids
58
63
78
81
83
85
98
100
110
111
