id
60
Plane 
  0.999875
-0.0062041
 0.0145757
  0.981336
plane_body
   0.999948
-0.00953659
-0.00372256
   0.987085
Covariance
1 0 0
0 1 0
0 0 1
keyframe_node_id
58
keyframe_node_pose
     0.99994   0.00159128    0.0108767   -0.0057944
  -0.0015875     0.999999 -0.000355737   0.00703392
  -0.0108772  0.000338449     0.999941    0.0124679
           0            0            0            1
plane_node_id
60
plane_node_pose
   0.999948
-0.00953659
-0.00372256
   0.987085
type
x
color
60
236
84
fixed
0
keyframe_vec_node_ids
58
63
78
81
83
85
98
