id
70
Plane_x1 
  0.999875
-0.0062041
 0.0145757
  0.981336
Plane_x2 
-0.999775
0.0057741
0.0203903
  2.28899
Plane_y1 
-0.00990912
  -0.999391
  0.0334629
    3.69241
Plane_y2 
0.00619022
  0.999613
 0.0271266
   1.17864
plane_x1_id 
60
plane_x2_id 
61
plane_y1_id 
59
plane_y2_id 
62
plane_x1_node 
   0.999935
 -0.0100225
-0.00543307
   0.990917
plane_x2_node 
-0.998408
 0.007865
0.0558528
  2.27095
plane_y1_node 
-0.00663269
  -0.999683
  0.0242801
    3.69773
plane_y2_node 
0.0094739
 0.999486
 0.030642
  1.17121
room_node 
        1         0         0  0.644961
        0         1         0   1.25901
        0         0         1 -0.100314
        0         0         0         1
room_keyframes_ids
