id
106
Plane_x1 
 -0.999803
-0.0173414
0.00962879
   1.47474
Plane_x2 
 0.999132
0.0179997
0.0375555
  1.76302
Plane_y1 
0.0182262
-0.999624
0.0204733
  10.8815
Plane_y2 
-0.0202023
  0.999768
0.00743197
  -8.14939
plane_x1_id 
60
plane_x2_id 
98
plane_y1_id 
89
plane_y2_id 
101
plane_x1_node 
 -0.999771
-0.0177392
 0.0119953
   1.47555
plane_x2_node 
 0.999167
0.0172178
 0.037001
  1.76941
plane_y1_node 
 0.017463
-0.999723
 0.015758
  10.8857
plane_y2_node 
-0.0160913
  0.999586
  0.023853
  -8.16091
room_node 
        1         0         0 -0.307059
        0         1         0   9.51799
        0         0         1 -0.487933
        0         0         0         1
room_keyframes_ids
