id
84
Plane_x1 
   0.999981
-0.00591945
-0.00141941
   0.980466
Plane_x2 
 -0.998832
0.00368654
  0.048187
   2.28321
Plane_y1 
-0.0026922
 -0.999136
 0.0414731
   8.03979
Plane_y2 
0.00499927
  0.999953
0.00831597
  -3.84254
plane_x1_id 
60
plane_x2_id 
61
plane_y1_id 
79
plane_y2_id 
80
plane_x1_node 
   0.999977
-0.00433255
-0.00522065
   0.979185
plane_x2_node 
-0.998626
0.0024943
0.0523521
  2.28376
plane_y1_node 
-0.00520673
  -0.999074
  0.0427112
    8.03375
plane_y2_node 
0.00594961
  0.999899
 0.0129149
  -3.84183
room_node 
       1        0        0 0.683067
       0        1        0  5.93315
       0        0        1 -0.42217
       0        0        0        1
room_keyframes_ids
