id
82
Plane_x1 
   0.999921
-0.00731819
  0.0101717
    4.45016
Plane_x2 
 -0.999492
0.00849633
 0.0307265
  -1.12179
Plane_y1 
0.00833215
  0.999901
 0.0113116
  -2.03235
Plane_y2 
-0.00587544
  -0.999519
  0.0304466
    6.58962
plane_x1_id 
64
plane_x2_id 
73
plane_y1_id 
68
plane_y2_id 
69
plane_x1_node 
   0.999902
-0.00834637
  0.0111984
    4.45267
plane_x2_node 
 -0.999654
0.00961308
 0.0244782
  -1.12455
plane_y1_node 
0.0110246
 0.999814
0.0158478
 -2.04151
plane_y2_node 
-0.00196337
  -0.999599
  0.0282511
    6.60758
room_node 
         1          0          0   -2.77046
         0          1          0    4.34702
         0          0          1 -0.0942198
         0          0          0          1
room_keyframes_ids
