id
60
Plane 
  0.999875
-0.0062041
 0.0145757
  0.981336
plane_body
   0.999977
-0.00433255
-0.00522065
   0.979185
Covariance
1 0 0
0 1 0
0 0 1
keyframe_node_id
58
keyframe_node_pose
    0.999933  -0.00291209     0.011197   0.00142824
  0.00290734     0.999996  0.000440667   0.00530572
  -0.0111983 -0.000408084     0.999937    0.0133898
           0            0            0            1
plane_node_id
60
plane_node_pose
   0.999977
-0.00433255
-0.00522065
   0.979185
type
x
color
60
236
84
fixed
0
keyframe_vec_node_ids
58
63
78
81
83
85
