id
74
Plane_x1 
 -0.999526
-0.0217854
 0.0217501
   1.47418
Plane_x2 
 0.999081
0.0263414
0.0338252
  1.74849
Plane_y1 
0.0233176
-0.999307
0.0290096
  5.34945
Plane_y2 
-0.0256794
   0.99929
  0.027563
  -2.86494
plane_x1_id 
59
plane_x2_id 
68
plane_y1_id 
63
plane_y2_id 
69
plane_x1_node 
 -0.999569
-0.0219215
 0.0195289
   1.47763
plane_x2_node 
 0.999197
0.0234962
0.0324487
  1.75975
plane_y1_node 
0.0235974
-0.999465
0.0226337
  5.35069
plane_y2_node 
 -0.02397
 0.999423
0.0240753
 -2.86404
room_node 
        1         0         0 -0.238126
        0         1         0   4.10063
        0         0         1 -0.259586
        0         0         0         1
room_keyframes_ids
