id
71
Plane_x1 
 -0.999488
-0.0200599
 0.0249241
    1.4727
Plane_x2 
 0.999436
0.0198259
0.0271169
  1.77394
Plane_y1 
-0.021599
 0.999157
0.0349023
  2.02056
Plane_y2 
0.0190734
-0.999589
0.0214125
  2.60203
plane_x1_id 
59
plane_x2_id 
60
plane_y1_id 
61
plane_y2_id 
64
plane_x1_node 
 -0.999569
-0.0219215
 0.0195289
   1.47763
plane_x2_node 
 0.999445
0.0210481
0.0258216
  1.77021
plane_y1_node 
-0.0233565
  0.998643
 0.0465411
   2.01966
plane_y2_node 
 0.0215463
 -0.999759
0.00430768
   2.60513
room_node 
        1         0         0 -0.150595
        0         1         0  0.291361
        0         0         1 -0.105524
        0         0         0         1
room_keyframes_ids
