id
84
Plane_x1 
   0.999981
-0.00591945
-0.00141941
   0.980466
Plane_x2 
 -0.998832
0.00368654
  0.048187
   2.28321
Plane_y1 
-0.0026922
 -0.999136
 0.0414731
   8.03979
Plane_y2 
0.00499927
  0.999953
0.00831597
  -3.84254
plane_x1_id 
60
plane_x2_id 
61
plane_y1_id 
79
plane_y2_id 
80
plane_x1_node 
   0.999951
-0.00957609
-0.00264454
   0.988121
plane_x2_node 
  -0.99857
0.00710049
 0.0529816
   2.27562
plane_y1_node 
-0.00889561
  -0.998995
  0.0439324
    8.02567
plane_y2_node 
0.00801438
  0.999925
0.00928027
  -3.83202
room_node 
       1        0        0 0.693204
       0        1        0  5.92131
       0        0        1 -0.42217
       0        0        0        1
room_keyframes_ids
