id
76
Plane_x1 
  0.999827
-0.0055942
 0.0177563
   4.44906
Plane_x2 
 -0.999752
0.00771827
 0.0208688
  -1.11899
Plane_y1 
0.00668092
  0.999508
 0.0306493
   1.17734
Plane_y2 
-0.00699827
  -0.999819
  0.0177186
    1.77931
plane_x1_id 
64
plane_x2_id 
73
plane_y1_id 
62
plane_y2_id 
72
plane_x1_node 
   0.999929
-0.00803423
 0.00881942
    4.45244
plane_x2_node 
 -0.999616
0.00931933
 0.0260807
  -1.12422
plane_y1_node 
0.00972609
  0.999422
 0.0325815
   1.16958
plane_y2_node 
-0.0081867
 -0.999894
 0.0120006
   1.79309
room_node 
         1          0          0   -2.78631
         0          1          0   0.335127
         0          0          1 -0.0616291
         0          0          0          1
room_keyframes_ids
