id
59
Plane_x1 
 -0.998727
-0.0213061
 0.0457282
   5.66597
Plane_x2 
  0.999653
 0.0194117
-0.0178103
  -1.77708
Plane_y1 
-0.019329
 0.998004
0.0601282
   2.0214
Plane_y2 
  0.0137647
  -0.999885
-0.00639955
    7.91605
plane_x1_id 
51
plane_x2_id 
52
plane_y1_id 
36
plane_y2_id 
53
plane_x1_node 
 -0.999591
-0.0179568
 0.0222601
   5.66484
plane_x2_node 
 0.999761
0.0156146
0.0152704
 -1.78354
plane_y1_node 
-0.0186159
  0.996841
 0.0772089
   2.02525
plane_y2_node 
 0.0155697
  -0.99974
-0.0166397
    7.9056
room_node 
        1         0         0   3.68765
        0         1         0   3.02528
        0         0         1 -0.156617
        0         0         0         1
room_keyframes_ids
