id
86
Plane_x1 
   0.999986
 -0.0052595
0.000270012
   0.982001
Plane_x2 
 -0.998855
0.00437363
 0.0476483
   2.27606
Plane_y1 
-0.00235185
  -0.999115
  0.0419879
     8.0386
Plane_y2 
0.00460114
  0.999959
0.00780847
  -3.84121
plane_x1_id 
61
plane_x2_id 
62
plane_y1_id 
81
plane_y2_id 
82
plane_x1_node 
   0.999983
-0.00499121
 -0.0029248
   0.982275
plane_x2_node 
 -0.998556
0.00339008
 0.0536219
   2.27683
plane_y1_node 
-0.00471007
  -0.999058
  0.0431451
    8.02899
plane_y2_node 
0.00394058
  0.999939
 0.0102763
   -3.8351
room_node 
        1         0         0  0.672202
        0         1         0   5.92665
        0         0         1 -0.421144
        0         0         0         1
room_keyframes_ids
