id
104
Plane_x1 
   0.999948
-0.00953659
-0.00372256
   0.987085
Plane_x2 
 -0.997174
-0.0454597
 0.0598116
   3.55051
Plane_y1 
 0.0105839
  0.999888
-0.0105887
  -8.18471
Plane_y2 
-0.00996452
  -0.998848
  0.0469459
    10.5773
plane_x1_id 
60
plane_x2_id 
97
plane_y1_id 
94
plane_y2_id 
95
plane_x1_node 
   0.999935
 -0.0100225
-0.00543307
   0.990917
plane_x2_node 
 -0.996907
-0.0465788
 0.0633059
   3.56311
plane_y1_node 
0.00708049
  0.999839
-0.0164637
  -8.19796
plane_y2_node 
-0.0091803
 -0.998438
 0.0551172
   10.5738
room_node 
        1         0         0   1.36801
        0         1         0   9.45716
        0         0         1 -0.443897
  3.54959 -0.142024 0.0485011  0.143554
room_keyframes_ids
