id
115
Plane_x1 
-0.998352
0.0041668
0.0572318
  6.55409
Plane_x2 
    0.99995
-0.00703416
-0.00706576
   -3.63754
Plane_y1 
-0.00930858
  -0.998988
  0.0440124
    2.73833
Plane_y2 
0.00843394
  0.999891
-0.0121187
 -0.451464
plane_x1_id 
101
plane_x2_id 
109
plane_y1_id 
104
plane_y2_id 
105
plane_x1_node 
 -0.998367
0.00593935
 0.0568093
    6.5531
plane_x2_node 
   0.999956
-0.00884062
-0.00319519
   -3.64196
plane_y1_node 
-0.00979757
  -0.998532
  0.0532721
    2.73663
plane_y2_node 
0.00728955
  0.999905
-0.0116711
 -0.449225
room_node 
        1         0         0   5.10542
        0         1         0   1.56534
        0         0         1 -0.270677
  2.76275  -0.18481 0.0443464  0.183014
room_keyframes_ids
