id
111
Plane_x1 
   0.999929
-0.00406724
  0.0112004
     4.4501
Plane_x2 
 -0.999655
0.00411554
 0.0259551
  -1.12035
Plane_y1 
-0.00786995
   -0.99797
  0.0632034
    12.7071
Plane_y2 
 0.0110553
  0.999803
-0.0165059
  -8.43396
plane_x1_id 
66
plane_x2_id 
75
plane_y1_id 
92
plane_y2_id 
97
plane_x1_node 
   0.999949
-0.00386918
 0.00934108
    4.44967
plane_x2_node 
 -0.999639
0.00421775
 0.0265433
   -1.1205
plane_y1_node 
-0.0059947
  -0.99789
 0.0646514
   12.7078
plane_y2_node 
0.00992657
  0.999793
-0.0177358
  -8.43422
room_node 
        1         0         0  -2.70426
        0         1         0   10.5677
        0         0         1 -0.123438
        0         0         0         1
room_keyframes_ids
