id
51
Plane_x1 
    0.999811
-1.58168e-05
   0.0194374
     1.42177
Plane_x2 
  -0.99961
0.00114414
 0.0278936
    2.2037
Plane_y1 
-0.00244951
  -0.999778
  0.0209495
    1.64903
Plane_y2 
0.00142592
  0.999414
 0.0341903
   3.12241
plane_x1_id 
44
plane_x2_id 
45
plane_y1_id 
46
plane_y2_id 
47
plane_x1_node 
   0.999856
-0.00712317
  0.0153805
    1.41758
plane_x2_node 
 -0.999569
0.00849121
 0.0281071
   2.21073
plane_y1_node 
-0.00840641
  -0.999304
  0.0363421
    1.64154
plane_y2_node 
0.0074324
 0.999884
0.0133139
  3.12942
room_node 
        1         0         0  0.391678
        0         1         0 -0.748643
        0         0         1 -0.115204
        0         0         0         1
room_keyframes_ids
