id
70
Plane_x1 
 -0.998889
0.00477799
 0.0468892
   6.54061
Plane_x2 
  0.999851
 -0.010445
-0.0137587
  -3.45373
Plane_y1 
0.0163014
 0.998982
0.0420703
  6.92726
Plane_y2 
-0.00633065
  -0.999965
 0.00551404
   -3.37826
plane_x1_id 
59
plane_x2_id 
66
plane_y1_id 
63
plane_y2_id 
54
plane_x1_node 
 -0.998731
0.00954813
 0.0494496
   6.54804
plane_x2_node 
   0.999932
-0.00998544
-0.00601959
    -3.4559
plane_y1_node 
0.0105773
 0.999227
0.0378587
  6.95175
plane_y2_node 
-0.00946598
  -0.999947
 0.00394796
   -3.37119
room_node 
        1         0         0   4.94507
        0         1         0   -5.2073
        0         0         1 -0.378612
        0         0         0         1
room_keyframes_ids
