id
61
Plane 
-0.999775
0.0057741
0.0203903
  2.28899
plane_body
-0.998522
0.0068475
0.0539105
  2.27698
Covariance
1 0 0
0 1 0
0 0 1
keyframe_node_id
58
keyframe_node_pose
    0.999928   0.00133487     0.011952   -0.0056144
 -0.00133268     0.999999 -0.000191283   0.00704691
  -0.0119522  0.000175341     0.999929    0.0110402
           0            0            0            1
plane_node_id
61
plane_node_pose
-0.998522
0.0068475
0.0539105
  2.27698
type
x
color
2
254
26
fixed
0
keyframe_vec_node_ids
58
63
66
78
81
83
85
