id
73
Plane 
-0.999746
0.0091004
0.0206249
 -1.12571
plane_body
 -0.999616
0.00931933
 0.0260807
  -1.12422
Covariance
1 0 0
0 1 0
0 0 1
keyframe_node_id
71
keyframe_node_pose
-0.00159998    0.999836   0.0180725    -1.63321
  -0.999995  -0.0015493   -0.002818    0.439527
-0.00278953  -0.0180769    0.999833   0.0956662
          0           0           0           1
plane_node_id
73
plane_node_pose
 -0.999616
0.00931933
 0.0260807
  -1.12422
type
x
color
11
26
225
fixed
0
keyframe_vec_node_ids
71
74
75
77
86
89
