id
76
Plane_x1 
  0.999827
-0.0055942
 0.0177563
   4.44906
Plane_x2 
 -0.999752
0.00771827
 0.0208688
  -1.11899
Plane_y1 
0.00668092
  0.999508
 0.0306493
   1.17734
Plane_y2 
-0.00699827
  -0.999819
  0.0177186
    1.77931
plane_x1_id 
64
plane_x2_id 
73
plane_y1_id 
62
plane_y2_id 
72
plane_x1_node 
    0.99992
-0.00521523
   0.011524
    4.44866
plane_x2_node 
 -0.999569
0.00776538
 0.0282978
  -1.12182
plane_y1_node 
0.00767364
  0.999491
 0.0309572
   1.17443
plane_y2_node 
-0.00613536
  -0.999889
  0.0135942
    1.78818
room_node 
         1          0          0   -2.78384
         0          1          0   0.323028
         0          0          1 -0.0616291
         0          0          0          1
room_keyframes_ids
