id
61
Plane 
-0.999775
0.0057741
0.0203903
  2.28899
plane_body
-0.998408
 0.007865
0.0558528
  2.27095
Covariance
1 0 0
0 1 0
0 0 1
keyframe_node_id
58
keyframe_node_pose
    0.999899   0.00160017    0.0141052  -0.00995571
 -0.00161383     0.999998  0.000956725   0.00508396
  -0.0141036 -0.000979392       0.9999    0.0201583
           0            0            0            1
plane_node_id
61
plane_node_pose
-0.998408
 0.007865
0.0558528
  2.27095
type
x
color
2
254
26
fixed
0
keyframe_vec_node_ids
58
63
66
78
81
83
85
123
