id
104
Plane_x1 
 -0.999783
-0.0179849
 0.0105262
   1.47556
Plane_x2 
  0.99911
0.0178255
0.0382179
  1.76339
Plane_y1 
0.0162654
-0.999867
0.0014695
  7.90289
Plane_y2 
-0.0227173
  0.999381
 0.0268768
  -5.50076
plane_x1_id 
60
plane_x2_id 
98
plane_y1_id 
79
plane_y2_id 
87
plane_x1_node 
 -0.999771
-0.0177392
 0.0119953
   1.47555
plane_x2_node 
 0.999167
0.0172178
 0.037001
  1.76941
plane_y1_node 
 0.0174323
 -0.999847
0.00104823
   7.89933
plane_y2_node 
-0.019214
 0.999132
0.0369617
 -5.51145
room_node 
         1          0          0  -0.264261
         0          1          0    6.69877
         0          0          1  -0.362641
   10.9172   0.281581 -0.0370335  -0.281195
room_keyframes_ids
