id
88
Plane 
   0.999937
-0.00963115
 0.00581502
    2.19393
plane_body
   0.999965
-0.00577736
-0.00596966
     2.1918
Covariance
1 0 0
0 1 0
0 0 1
keyframe_node_id
86
keyframe_node_pose
  -0.052718   -0.998459   0.0173828    -1.46288
   0.998607  -0.0526654  0.00347327     5.54766
-0.00255246   0.0175417    0.999843    0.216349
          0           0           0           1
plane_node_id
88
plane_node_pose
   0.999965
-0.00577736
-0.00596966
     2.1918
type
x
color
217
135
168
fixed
0
keyframe_vec_node_ids
86
119
126
