id
84
Plane_x1 
   0.999981
-0.00591945
-0.00141941
   0.980466
Plane_x2 
 -0.998832
0.00368654
  0.048187
   2.28321
Plane_y1 
-0.0026922
 -0.999136
 0.0414731
   8.03979
Plane_y2 
0.00499927
  0.999953
0.00831597
  -3.84254
plane_x1_id 
60
plane_x2_id 
61
plane_y1_id 
79
plane_y2_id 
80
plane_x1_node 
   0.999949
-0.00931735
-0.00382777
   0.986905
plane_x2_node 
-0.998522
0.0068475
0.0539105
  2.27698
plane_y1_node 
-0.00874046
  -0.999047
  0.0427704
    8.02407
plane_y2_node 
0.00794686
  0.999914
 0.0104566
  -3.83019
room_node 
       1        0        0 0.693671
       0        1        0  5.91994
       0        0        1 -0.42217
       0        0        0        1
room_keyframes_ids
