id
99
Plane_x1 
   0.999889
-0.00839573
  0.0122915
      4.454
Plane_x2 
 -0.999661
0.00970755
 0.0241453
    -1.126
Plane_y1 
 0.0104627
  0.999847
-0.0139916
  -7.09031
Plane_y2 
-0.00981615
  -0.999391
  0.0334835
    8.17369
plane_x1_id 
64
plane_x2_id 
73
plane_y1_id 
92
plane_y2_id 
90
plane_x1_node 
   0.999902
-0.00834637
  0.0111984
    4.45267
plane_x2_node 
 -0.999654
0.00961308
 0.0244782
  -1.12455
plane_y1_node 
0.00990879
  0.999849
-0.0142787
  -7.09112
plane_y2_node 
-0.00925591
  -0.999387
  0.0337705
    8.17447
room_node 
        1         0         0  -2.71523
        0         1         0   7.65374
        0         0         1 -0.200224
        0         0         0         1
room_keyframes_ids
