id
82
Plane_x1 
   0.999921
-0.00731819
  0.0101717
    4.45016
Plane_x2 
 -0.999492
0.00849633
 0.0307265
  -1.12179
Plane_y1 
0.00833215
  0.999901
 0.0113116
  -2.03235
Plane_y2 
-0.00587544
  -0.999519
  0.0304466
    6.58962
plane_x1_id 
64
plane_x2_id 
73
plane_y1_id 
68
plane_y2_id 
69
plane_x1_node 
   0.999919
-0.00372887
  0.0122082
    4.44761
plane_x2_node 
 -0.999605
0.00616892
 0.0274132
  -1.12075
plane_y1_node 
0.00411963
  0.999875
 0.0152419
  -2.04401
plane_y2_node 
-0.00397152
  -0.999518
  0.0308006
    6.59601
room_node 
         1          0          0   -2.76646
         0          1          0    4.33004
         0          0          1 -0.0942198
         0          0          0          1
room_keyframes_ids
