id
60
Plane 
  0.999875
-0.0062041
 0.0145757
  0.981336
plane_body
   0.999977
-0.00581943
-0.00353391
   0.980307
Covariance
1 0 0
0 1 0
0 0 1
keyframe_node_id
58
keyframe_node_pose
    0.99995 -0.00128275  0.00991449 0.000219236
 0.00126309    0.999997  0.00198936  0.00172716
-0.00991702 -0.00197674    0.999949   0.0140988
          0           0           0           1
plane_node_id
60
plane_node_pose
   0.999977
-0.00581943
-0.00353391
   0.980307
type
x
color
60
236
84
fixed
0
keyframe_vec_node_ids
58
63
78
81
