id
64
Plane 
   0.999926
-0.00184436
  0.0120065
    4.44671
plane_body
   0.999948
-0.00813484
 0.00609669
    4.45162
Covariance
1 0 0
0 1 0
0 0 1
keyframe_node_id
63
keyframe_node_pose
  -0.221138   -0.974006   0.0491006    0.782046
   0.975106    -0.22167 -0.00559638     1.88568
   0.016335   0.0466407    0.998778  0.00019936
          0           0           0           1
plane_node_id
64
plane_node_pose
   0.999948
-0.00813484
 0.00609669
    4.45162
type
x
color
241
5
179
fixed
0
keyframe_vec_node_ids
63
66
71
74
75
77
78
86
89
93
98
100
103
105
106
107
110
111
114
115
117
118
119
120
121
122
123
124
126
128
