id
70
Plane_x1 
  0.999875
-0.0062041
 0.0145757
  0.981336
Plane_x2 
-0.999775
0.0057741
0.0203903
  2.28899
Plane_y1 
-0.00990912
  -0.999391
  0.0334629
    3.69241
Plane_y2 
0.00619022
  0.999613
 0.0271266
   1.17864
plane_x1_id 
60
plane_x2_id 
61
plane_y1_id 
59
plane_y2_id 
62
plane_x1_node 
   0.999949
-0.00931735
-0.00382777
   0.986905
plane_x2_node 
-0.998522
0.0068475
0.0539105
  2.27698
plane_y1_node 
-0.00679406
  -0.999666
  0.0249316
    3.70013
plane_y2_node 
0.00972609
  0.999422
 0.0325815
   1.16958
room_node 
        1         0         0  0.650264
        0         1         0   1.26179
        0         0         1 -0.100314
        0         0         0         1
room_keyframes_ids
