id
76
Plane_x1 
  0.999827
-0.0055942
 0.0177563
   4.44906
Plane_x2 
 -0.999752
0.00771827
 0.0208688
  -1.11899
Plane_y1 
0.00668092
  0.999508
 0.0306493
   1.17734
Plane_y2 
-0.00699827
  -0.999819
  0.0177186
    1.77931
plane_x1_id 
64
plane_x2_id 
73
plane_y1_id 
62
plane_y2_id 
72
plane_x1_node 
   0.999919
-0.00372887
  0.0122082
    4.44761
plane_x2_node 
 -0.999605
0.00616892
 0.0274132
  -1.12075
plane_y1_node 
0.00597538
  0.999464
  0.032188
   1.17097
plane_y2_node 
-0.00453154
  -0.999913
  0.0123906
    1.79149
room_node 
         1          0          0   -2.78322
         0          1          0   0.322241
         0          0          1 -0.0616291
         0          0          0          1
room_keyframes_ids
