id
84
Plane_x1 
   0.999981
-0.00591945
-0.00141941
   0.980466
Plane_x2 
 -0.998832
0.00368654
  0.048187
   2.28321
Plane_y1 
-0.0026922
 -0.999136
 0.0414731
   8.03979
Plane_y2 
0.00499927
  0.999953
0.00831597
  -3.84254
plane_x1_id 
60
plane_x2_id 
61
plane_y1_id 
79
plane_y2_id 
80
plane_x1_node 
   0.999948
-0.00953659
-0.00372256
   0.987085
plane_x2_node 
 -0.998584
0.00709106
 0.0527319
   2.27674
plane_y1_node 
-0.00902223
  -0.999052
  0.0425972
    8.02407
plane_y2_node 
0.00817524
   0.99991
  0.010633
  -3.83023
room_node 
       1        0        0 0.695093
       0        1        0  5.91981
       0        0        1 -0.42217
       0        0        0        1
room_keyframes_ids
