id
61
Plane 
-0.999775
0.0057741
0.0203903
  2.28899
plane_body
 -0.998584
0.00709106
 0.0527319
   2.27674
Covariance
1 0 0
0 1 0
0 0 1
keyframe_node_id
58
keyframe_node_pose
     0.99994   0.00159128    0.0108767   -0.0057944
  -0.0015875     0.999999 -0.000355737   0.00703392
  -0.0108772  0.000338449     0.999941    0.0124679
           0            0            0            1
plane_node_id
61
plane_node_pose
 -0.998584
0.00709106
 0.0527319
   2.27674
type
x
color
2
254
26
fixed
0
keyframe_vec_node_ids
58
63
66
78
81
83
85
