id
96
Plane_x1 
 -0.998839
-0.0219991
 0.0428633
   5.66996
Plane_x2 
  0.999683
 0.0202576
-0.0149323
  -1.78163
Plane_y1 
 0.020393
-0.999624
 0.018355
  10.8754
Plane_y2 
-0.0173711
  0.999608
 0.0219586
  -8.16118
plane_x1_id 
77
plane_x2_id 
78
plane_y1_id 
89
plane_y2_id 
91
plane_x1_node 
 -0.999206
-0.0197787
 0.0345915
    5.6672
plane_x2_node 
   0.99983
 0.0182001
0.00279076
  -1.78873
plane_y1_node 
 0.017463
-0.999723
 0.015758
  10.8857
plane_y2_node 
-0.0190261
  0.999392
 0.0292003
  -8.15967
room_node 
          1           0           0     3.54505
          0           1           0     9.58658
          0           0           1   -0.257327
   -1.79069    0.966393 -0.00995976   -0.966478
room_keyframes_ids
