id
59
Plane 
 0.999183
0.0152884
0.0374144
  1.76703
plane_body
 0.999204
0.0166436
0.0362553
  1.77183
Covariance
1 0 0
0 1 0
0 0 1
keyframe_node_id
58
keyframe_node_pose
   0.999994   0.0022259 -0.00272089 -0.00148628
-0.00228767    0.999735  -0.0229145 0.000402596
 0.00266916   0.0229206    0.999734  -0.0549161
          0           0           0           1
plane_node_id
59
plane_node_pose
 0.999204
0.0166436
0.0362553
  1.77183
type
x
color
236
59
176
fixed
0
keyframe_vec_node_ids
58
65
75
76
