id
60
Plane 
  0.999875
-0.0062041
 0.0145757
  0.981336
plane_body
   0.999951
-0.00957609
-0.00264454
   0.988121
Covariance
1 0 0
0 1 0
0 0 1
keyframe_node_id
58
keyframe_node_pose
    0.999939    0.0014869     0.010971  -0.00679892
 -0.00149701     0.999998  0.000913407   0.00879898
  -0.0109696 -0.000929775     0.999939    0.0139524
           0            0            0            1
plane_node_id
60
plane_node_pose
   0.999951
-0.00957609
-0.00264454
   0.988121
type
x
color
60
236
84
fixed
0
keyframe_vec_node_ids
58
63
78
81
83
85
98
100
110
