id
59
Plane 
 -0.999377
-0.0208168
 0.0284968
   1.47305
plane_body
 -0.999569
-0.0219215
 0.0195289
   1.47763
Covariance
1 0 0
0 1 0
0 0 1
keyframe_node_id
58
keyframe_node_pose
     0.99999 -0.000864384    0.0042858   0.00305418
 0.000904363     0.999956    -0.009335  0.000654836
 -0.00427754   0.00933879     0.999947    0.0120343
           0            0            0            1
plane_node_id
59
plane_node_pose
 -0.999569
-0.0219215
 0.0195289
   1.47763
type
x
color
251
175
50
fixed
0
keyframe_vec_node_ids
58
65
67
70
72
75
