id
95
Plane_x1 
   0.999828
-0.00766602
  0.0168681
    1.41389
Plane_x2 
-0.999379
0.0111953
0.0334068
  1.98666
Plane_y1 
-0.010162
-0.997724
0.0666597
  6.05162
Plane_y2 
0.00877404
  0.999834
-0.0159864
  -1.88457
plane_x1_id 
44
plane_x2_id 
90
plane_y1_id 
88
plane_y2_id 
91
plane_x1_node 
   0.999856
-0.00712317
  0.0153805
    1.41758
plane_x2_node 
 -0.999451
0.00909999
 0.0318481
   1.98962
plane_y1_node 
-0.00937768
  -0.997519
  0.0697689
    6.05537
plane_y2_node 
 0.0063636
  0.999805
-0.0186866
  -1.89166
room_node 
        1         0         0  0.320356
        0         1         0   3.96171
        0         0         1 -0.294702
        0         0         0         1
room_keyframes_ids
