id
82
Plane_x1 
   0.999921
-0.00731819
  0.0101717
    4.45016
Plane_x2 
 -0.999492
0.00849633
 0.0307265
  -1.12179
Plane_y1 
0.00833215
  0.999901
 0.0113116
  -2.03235
Plane_y2 
-0.00587544
  -0.999519
  0.0304466
    6.58962
plane_x1_id 
64
plane_x2_id 
73
plane_y1_id 
68
plane_y2_id 
69
plane_x1_node 
  0.999915
-0.0083095
0.00999952
   4.45386
plane_x2_node 
 -0.999607
0.00866644
  0.026648
  -1.12497
plane_y1_node 
0.0107944
 0.999837
0.0144737
  -2.0434
plane_y2_node 
-0.00174083
  -0.999561
  0.0295816
    6.60927
room_node 
         1          0          0   -2.77222
         0          1          0    4.34809
         0          0          1 -0.0942198
         0          0          0          1
room_keyframes_ids
