id
60
Plane 
 -0.999363
-0.0206528
 0.0291169
   1.47303
plane_body
 -0.999775
-0.0193446
 0.0086872
   1.47476
Covariance
1 0 0
0 1 0
0 0 1
keyframe_node_id
58
keyframe_node_pose
   0.999985  0.00100247 -0.00535806 -0.00203547
-0.00111654    0.999772   -0.021329 -0.00143767
 0.00533546   0.0213346    0.999758  -0.0454121
          0           0           0           1
plane_node_id
60
plane_node_pose
 -0.999775
-0.0193446
 0.0086872
   1.47476
type
x
color
60
236
84
fixed
0
keyframe_vec_node_ids
58
65
67
70
72
75
