id
76
Plane_x1 
  0.999827
-0.0055942
 0.0177563
   4.44906
Plane_x2 
 -0.999752
0.00771827
 0.0208688
  -1.11899
Plane_y1 
0.00668092
  0.999508
 0.0306493
   1.17734
Plane_y2 
-0.00699827
  -0.999819
  0.0177186
    1.77931
plane_x1_id 
64
plane_x2_id 
73
plane_y1_id 
62
plane_y2_id 
72
plane_x1_node 
   0.999948
-0.00813484
 0.00609669
    4.45162
plane_x2_node 
-0.999473
0.0087684
 0.031243
 -1.12667
plane_y1_node 
0.0094739
 0.999486
 0.030642
  1.17121
plane_y2_node 
-0.00658998
  -0.999883
  0.0137895
    1.79171
room_node 
         1          0          0   -2.78838
         0          1          0   0.333495
         0          0          1 -0.0616291
         0          0          0          1
room_keyframes_ids
