id
97
Plane 
 -0.997676
-0.0444839
 0.0516144
   3.55306
plane_body
 -0.996907
-0.0465788
 0.0633059
   3.56311
Covariance
1 0 0
0 1 0
0 0 1
keyframe_node_id
93
keyframe_node_pose
  0.996273 -0.0819262  0.0269922  -0.713119
 0.0809415   0.996077  0.0357512    9.43872
-0.0298153 -0.0334332   0.998996  0.0944608
         0          0          0          1
plane_node_id
97
plane_node_pose
 -0.996907
-0.0465788
 0.0633059
   3.56311
type
x
color
147
7
172
fixed
0
keyframe_vec_node_ids
93
98
100
103
105
106
107
110
111
114
117
