id
45
Plane_x1 
 -0.999391
-0.0196507
 0.0288365
   1.47253
Plane_x2 
 0.999587
0.0184274
0.0220524
  1.77528
Plane_y1 
-0.0200272
  0.999233
 0.0336447
   2.02045
Plane_y2 
0.0198947
 -0.99963
0.0185606
  2.60247
plane_x1_id 
33
plane_x2_id 
34
plane_y1_id 
36
plane_y2_id 
38
plane_x1_node 
 -0.999859
-0.0167498
0.00116817
   1.47297
plane_x2_node 
 0.998895
0.0147451
0.0446353
  1.78046
plane_y1_node 
-0.0186159
  0.996841
 0.0772089
   2.02525
plane_y2_node 
 0.0172678
 -0.999593
-0.0226937
    2.6025
room_node 
         1          0          0  -0.156483
         0          1          0   0.290504
         0          0          1 -0.0989463
         0          0          0          1
room_keyframes_ids
