id
99
Plane_x1 
   0.999889
-0.00839573
  0.0122915
      4.454
Plane_x2 
 -0.999661
0.00970755
 0.0241453
    -1.126
Plane_y1 
 0.0104627
  0.999847
-0.0139916
  -7.09031
Plane_y2 
-0.00981615
  -0.999391
  0.0334835
    8.17369
plane_x1_id 
64
plane_x2_id 
73
plane_y1_id 
92
plane_y2_id 
90
plane_x1_node 
   0.999948
-0.00813484
 0.00609669
    4.45162
plane_x2_node 
-0.999473
0.0087684
 0.031243
 -1.12667
plane_y1_node 
0.00609408
  0.999819
-0.0180479
  -7.09468
plane_y2_node 
-0.00544688
  -0.999284
  0.0374283
      8.177
room_node 
        1         0         0  -2.74483
        0         1         0    7.6553
        0         0         1 -0.200224
        0         0         0         1
room_keyframes_ids
