id
76
Plane_x1 
  0.999827
-0.0055942
 0.0177563
   4.44906
Plane_x2 
 -0.999752
0.00771827
 0.0208688
  -1.11899
Plane_y1 
0.00668092
  0.999508
 0.0306493
   1.17734
Plane_y2 
-0.00699827
  -0.999819
  0.0177186
    1.77931
plane_x1_id 
64
plane_x2_id 
73
plane_y1_id 
62
plane_y2_id 
72
plane_x1_node 
  0.999915
-0.0083095
0.00999952
   4.45386
plane_x2_node 
 -0.999607
0.00866644
  0.026648
  -1.12497
plane_y1_node 
0.00974788
  0.999457
 0.0314856
   1.16776
plane_y2_node 
-0.00816523
  -0.999881
  0.0130964
     1.7949
room_node 
         1          0          0   -2.78737
         0          1          0   0.337153
         0          0          1 -0.0616291
         0          0          0          1
room_keyframes_ids
