id
99
Plane_x1 
   0.999889
-0.00839573
  0.0122915
      4.454
Plane_x2 
 -0.999661
0.00970755
 0.0241453
    -1.126
Plane_y1 
 0.0104627
  0.999847
-0.0139916
  -7.09031
Plane_y2 
-0.00981615
  -0.999391
  0.0334835
    8.17369
plane_x1_id 
64
plane_x2_id 
73
plane_y1_id 
92
plane_y2_id 
90
plane_x1_node 
   0.999929
-0.00803423
 0.00881942
    4.45244
plane_x2_node 
 -0.999616
0.00931933
 0.0260807
  -1.12422
plane_y1_node 
 0.0097279
  0.999848
-0.0144844
  -7.09096
plane_y2_node 
-0.00905247
  -0.999382
  0.0339745
    8.17432
room_node 
        1         0         0  -2.71646
        0         1         0    7.6527
        0         0         1 -0.200224
        0         0         0         1
room_keyframes_ids
