id
59
Plane 
 0.999183
0.0152884
0.0374144
  1.76703
plane_body
 0.999101
0.0180092
0.0383737
  1.77216
Covariance
1 0 0
0 1 0
0 0 1
keyframe_node_id
58
keyframe_node_pose
   0.999985  0.00100247 -0.00535806 -0.00203547
-0.00111654    0.999772   -0.021329 -0.00143767
 0.00533546   0.0213346    0.999758  -0.0454121
          0           0           0           1
plane_node_id
59
plane_node_pose
 0.999101
0.0180092
0.0383737
  1.77216
type
x
color
236
59
176
fixed
0
keyframe_vec_node_ids
58
65
75
76
