id
71
Plane_x1 
  0.999858
-0.0062077
  0.015677
  0.980256
Plane_x2 
 -0.9997
0.007001
0.023481
 2.28118
Plane_y1 
-0.00604228
  -0.999447
  0.0326999
    3.69374
Plane_y2 
0.00118573
  0.999588
 0.0286658
   1.18231
plane_x1_id 
61
plane_x2_id 
62
plane_y1_id 
63
plane_y2_id 
64
plane_x1_node 
   0.999983
-0.00499121
 -0.0029248
   0.982275
plane_x2_node 
 -0.998556
0.00339008
 0.0536219
   2.27683
plane_y1_node 
-0.00209264
  -0.999651
   0.026333
     3.7059
plane_y2_node 
0.00250609
  0.999549
 0.0299114
   1.16836
room_node 
        1         0         0  0.648092
        0         1         0   1.26691
        0         0         1 -0.105674
        0         0         0         1
room_keyframes_ids
