id
61
Plane_x1 
    0.99979
-0.00185325
  0.0203937
    1.41987
Plane_x2 
 -0.999613
0.00220693
  0.027737
   2.21134
Plane_y1 
0.00199369
  0.999248
 0.0387199
   6.95985
Plane_y2 
-0.00269315
  -0.999995
 0.00140513
   -3.37642
plane_x1_id 
44
plane_x2_id 
55
plane_y1_id 
53
plane_y2_id 
54
plane_x1_node 
   0.999856
-0.00712317
  0.0153805
    1.41758
plane_x2_node 
  -0.99949
0.00727271
 0.0310832
   2.21079
plane_y1_node 
0.00548839
  0.999428
 0.0333635
   6.96268
plane_y2_node 
-0.00946598
  -0.999947
 0.00394796
   -3.37119
room_node 
        1         0         0  0.361079
        0         1         0  -5.16788
        0         0         1 -0.275913
        0         0         0         1
room_keyframes_ids
