id
73
Plane 
-0.999746
0.0091004
0.0206249
 -1.12571
plane_body
 -0.999605
0.00616892
 0.0274132
  -1.12075
Covariance
1 0 0
0 1 0
0 0 1
keyframe_node_id
71
keyframe_node_pose
 0.00209513    0.999854   0.0169554    -1.63084
  -0.999996  0.00213412 -0.00228206    0.431893
-0.00231791  -0.0169505    0.999854   0.0952826
          0           0           0           1
plane_node_id
73
plane_node_pose
 -0.999605
0.00616892
 0.0274132
  -1.12075
type
x
color
11
26
225
fixed
0
keyframe_vec_node_ids
71
74
75
77
