id
82
Plane_x1 
   0.999921
-0.00731819
  0.0101717
    4.45016
Plane_x2 
 -0.999492
0.00849633
 0.0307265
  -1.12179
Plane_y1 
0.00833215
  0.999901
 0.0113116
  -2.03235
Plane_y2 
-0.00587544
  -0.999519
  0.0304466
    6.58962
plane_x1_id 
64
plane_x2_id 
73
plane_y1_id 
68
plane_y2_id 
69
plane_x1_node 
   0.999948
-0.00813484
 0.00609669
    4.45162
plane_x2_node 
-0.999473
0.0087684
 0.031243
 -1.12667
plane_y1_node 
0.00863875
  0.999893
 0.0118339
  -2.04275
plane_y2_node 
-0.000854229
   -0.999438
   0.0335217
     6.60379
room_node 
         1          0          0    -2.7771
         0          1          0    4.34435
         0          0          1 -0.0942198
         0          0          0          1
room_keyframes_ids
