id
60
Plane 
 -0.999363
-0.0206528
 0.0291169
   1.47303
plane_body
 -0.999771
-0.0177392
 0.0119953
   1.47555
Covariance
1 0 0
0 1 0
0 0 1
keyframe_node_id
58
keyframe_node_pose
   0.999994   0.0022259 -0.00272089 -0.00148628
-0.00228767    0.999735  -0.0229145 0.000402596
 0.00266916   0.0229206    0.999734  -0.0549161
          0           0           0           1
plane_node_id
60
plane_node_pose
 -0.999771
-0.0177392
 0.0119953
   1.47555
type
x
color
60
236
84
fixed
0
keyframe_vec_node_ids
58
65
67
70
72
75
99
100
102
105
107
