id
70
Plane_x1 
  0.999875
-0.0062041
 0.0145757
  0.981336
Plane_x2 
-0.999775
0.0057741
0.0203903
  2.28899
Plane_y1 
-0.00990912
  -0.999391
  0.0334629
    3.69241
Plane_y2 
0.00619022
  0.999613
 0.0271266
   1.17864
plane_x1_id 
60
plane_x2_id 
61
plane_y1_id 
59
plane_y2_id 
62
plane_x1_node 
   0.999977
-0.00433255
-0.00522065
   0.979185
plane_x2_node 
-0.998626
0.0024943
0.0523521
  2.28376
plane_y1_node 
-0.00272782
   -0.99967
  0.0255613
    3.69825
plane_y2_node 
0.00597538
  0.999464
  0.032188
   1.17097
room_node 
        1         0         0  0.652274
        0         1         0   1.26261
        0         0         1 -0.100314
        0         0         0         1
room_keyframes_ids
