id
99
Plane_x1 
   0.999889
-0.00839573
  0.0122915
      4.454
Plane_x2 
 -0.999661
0.00970755
 0.0241453
    -1.126
Plane_y1 
 0.0104627
  0.999847
-0.0139916
  -7.09031
Plane_y2 
-0.00981615
  -0.999391
  0.0334835
    8.17369
plane_x1_id 
64
plane_x2_id 
73
plane_y1_id 
92
plane_y2_id 
90
plane_x1_node 
  0.999915
-0.0083095
0.00999952
   4.45386
plane_x2_node 
 -0.999607
0.00866644
  0.026648
  -1.12497
plane_y1_node 
0.00956868
  0.999829
-0.0158168
  -7.09313
plane_y2_node 
-0.00892699
  -0.999337
   0.035308
    8.17636
room_node 
        1         0         0  -2.71855
        0         1         0    7.6548
        0         0         1 -0.200224
        0         0         0         1
room_keyframes_ids
