id
76
Plane_x1 
  0.999827
-0.0055942
 0.0177563
   4.44906
Plane_x2 
 -0.999752
0.00771827
 0.0208688
  -1.11899
Plane_y1 
0.00668092
  0.999508
 0.0306493
   1.17734
Plane_y2 
-0.00699827
  -0.999819
  0.0177186
    1.77931
plane_x1_id 
64
plane_x2_id 
73
plane_y1_id 
62
plane_y2_id 
72
plane_x1_node 
   0.999925
-0.00666597
  0.0102342
    4.45032
plane_x2_node 
 -0.999441
0.00935156
  0.032098
   -1.1216
plane_y1_node 
0.00757378
   0.99945
 0.0322839
   1.17599
plane_y2_node 
-0.00670599
  -0.999904
  0.0121238
    1.78406
room_node 
         1          0          0   -2.78395
         0          1          0    0.32435
         0          0          1 -0.0616291
         0          0          0          1
room_keyframes_ids
