id
74
Plane_x1 
  -0.99958
-0.0211369
 0.0198045
   1.47627
Plane_x2 
    0.999
0.0260784
0.0363199
  1.74471
Plane_y1 
0.0217807
-0.999337
0.0291689
  5.34947
Plane_y2 
-0.0254772
  0.999303
 0.0272814
  -2.86415
plane_x1_id 
60
plane_x2_id 
68
plane_y1_id 
63
plane_y2_id 
69
plane_x1_node 
 -0.999771
-0.0177392
 0.0119953
   1.47555
plane_x2_node 
 0.999001
0.0176104
0.0410696
  1.77004
plane_y1_node 
0.0194449
-0.999761
0.0100371
  5.34926
plane_y2_node 
-0.0202385
  0.999192
 0.0347213
  -2.85828
room_node 
        1         0         0 -0.227467
        0         1         0   4.09948
        0         0         1 -0.267416
        0         0         0         1
room_keyframes_ids
