id
70
Plane_x1 
  0.999875
-0.0062041
 0.0145757
  0.981336
Plane_x2 
-0.999775
0.0057741
0.0203903
  2.28899
Plane_y1 
-0.00990912
  -0.999391
  0.0334629
    3.69241
Plane_y2 
0.00619022
  0.999613
 0.0271266
   1.17864
plane_x1_id 
60
plane_x2_id 
61
plane_y1_id 
59
plane_y2_id 
62
plane_x1_node 
   0.999977
-0.00581943
-0.00353391
   0.980307
plane_x2_node 
 -0.998743
0.00420454
  0.049954
   2.28255
plane_y1_node 
-0.00436809
   -0.99962
  0.0272081
    3.69452
plane_y2_node 
0.00767364
  0.999491
 0.0309572
   1.17443
room_node 
        1         0         0  0.653261
        0         1         0    1.2577
        0         0         1 -0.100314
        0         0         0         1
room_keyframes_ids
