id
84
Plane_x1 
   0.999981
-0.00591945
-0.00141941
   0.980466
Plane_x2 
 -0.998832
0.00368654
  0.048187
   2.28321
Plane_y1 
-0.0026922
 -0.999136
 0.0414731
   8.03979
Plane_y2 
0.00499927
  0.999953
0.00831597
  -3.84254
plane_x1_id 
60
plane_x2_id 
61
plane_y1_id 
79
plane_y2_id 
80
plane_x1_node 
   0.999935
 -0.0100225
-0.00543307
   0.990917
plane_x2_node 
-0.998408
 0.007865
0.0558528
  2.27095
plane_y1_node 
-0.012209
-0.998923
0.0447709
  8.02907
plane_y2_node 
 0.0082313
  0.999947
0.00621479
  -3.83192
room_node 
       1        0        0 0.703011
       0        1        0   5.9221
       0        0        1 -0.42217
       0        0        0        1
room_keyframes_ids
