id
69
Plane_x1 
 -0.999573
-0.0187233
 0.0224201
   5.66619
Plane_x2 
 0.999742
0.0166768
0.0154075
 -1.78564
Plane_y1 
   0.0188727
   -0.999822
-0.000112619
     10.8838
Plane_y2 
-0.016331
 0.999048
0.0404567
 -8.16612
plane_x1_id 
51
plane_x2_id 
52
plane_y1_id 
64
plane_y2_id 
66
plane_x1_node 
 -0.999591
-0.0179568
 0.0222601
   5.66484
plane_x2_node 
 0.999761
0.0156146
0.0152704
 -1.78354
plane_y1_node 
  0.0146546
  -0.999871
-0.00651256
    10.8971
plane_y2_node 
-0.0169493
  0.998676
 0.0485592
  -8.16554
room_node 
        1         0         0   3.57377
        0         1         0   9.58999
        0         0         1 -0.088517
        0         0         0         1
room_keyframes_ids
