id
76
Plane_x1 
  -0.999856
 -0.0167064
-0.00291996
    1.47188
Plane_x2 
 0.998799
0.0182818
0.0454476
    1.759
Plane_y1 
 0.0154517
 -0.999759
-0.0156213
   7.90547
Plane_y2 
-0.0175405
  0.998376
 0.0541945
  -5.51445
plane_x1_id 
33
plane_x2_id 
63
plane_y1_id 
53
plane_y2_id 
62
plane_x1_node 
 -0.999859
-0.0167498
0.00116817
   1.47297
plane_x2_node 
 0.998836
0.0152188
0.0457616
  1.77753
plane_y1_node 
 0.0155697
  -0.99974
-0.0166397
    7.9056
plane_y2_node 
-0.0187466
  0.998467
 0.0520811
  -5.51319
room_node 
        1         0         0 -0.264556
        0         1         0   6.70294
        0         0         1  -0.37612
        0         0         0         1
room_keyframes_ids
