id
70
Plane_x1 
  0.999875
-0.0062041
 0.0145757
  0.981336
Plane_x2 
-0.999775
0.0057741
0.0203903
  2.28899
Plane_y1 
-0.00990912
  -0.999391
  0.0334629
    3.69241
Plane_y2 
0.00619022
  0.999613
 0.0271266
   1.17864
plane_x1_id 
60
plane_x2_id 
61
plane_y1_id 
59
plane_y2_id 
62
plane_x1_node 
   0.999951
-0.00957609
-0.00264454
   0.988121
plane_x2_node 
  -0.99857
0.00710049
 0.0529816
   2.27562
plane_y1_node 
-0.00693562
  -0.999637
  0.0260329
    3.70177
plane_y2_node 
0.00974788
  0.999457
 0.0314856
   1.16776
room_node 
        1         0         0  0.649298
        0         1         0    1.2633
        0         0         1 -0.100314
        0         0         0         1
room_keyframes_ids
