id
73
Plane 
-0.999746
0.0091004
0.0206249
 -1.12571
plane_body
 -0.999654
0.00961308
 0.0244782
  -1.12455
Covariance
1 0 0
0 1 0
0 0 1
keyframe_node_id
71
keyframe_node_pose
-0.00188284    0.999866   0.0163166    -1.63353
  -0.999994 -0.00183462 -0.00296982    0.439946
-0.00293949  -0.0163221    0.999862   0.0944498
          0           0           0           1
plane_node_id
73
plane_node_pose
 -0.999654
0.00961308
 0.0244782
  -1.12455
type
x
color
11
26
225
fixed
0
keyframe_vec_node_ids
71
74
75
77
86
89
