id
78
Plane 
  0.999569
 0.0198887
-0.0215942
  -1.77469
plane_body
   0.99983
 0.0181291
0.00329482
  -1.79014
Covariance
1 0 0
0 1 0
0 0 1
keyframe_node_id
76
keyframe_node_pose
   0.999948 -0.00945255  0.00396896     2.03506
 0.00950644     0.99986  -0.0137863    -0.90548
-0.00383808   0.0138233    0.999897 -0.00756398
          0           0           0           1
plane_node_id
78
plane_node_pose
   0.99983
 0.0181291
0.00329482
  -1.79014
type
x
color
51
205
175
fixed
0
keyframe_vec_node_ids
76
80
81
84
85
86
90
92
95
