id
48
Plane_x1 
 -0.999449
-0.0211431
 0.0255875
     1.474
Plane_x2 
  0.99921
0.0254854
0.0304845
  1.74911
Plane_y1 
0.0213848
-0.999366
0.0284738
  5.35175
Plane_y2 
-0.0247414
  0.999302
 0.0279977
  -2.86664
plane_x1_id 
33
plane_x2_id 
42
plane_y1_id 
37
plane_y2_id 
43
plane_x1_node 
 -0.999859
-0.0167498
0.00116817
   1.47297
plane_x2_node 
 0.998546
0.0152379
0.0517122
  1.77827
plane_y1_node 
  0.0180898
  -0.999811
-0.00707501
    5.35577
plane_y2_node 
-0.0192927
  0.998469
 0.0518451
  -2.86162
room_node 
        1         0         0 -0.227511
        0         1         0   4.10479
        0         0         1 -0.249228
        0         0         0         1
room_keyframes_ids
