id
64
Plane 
   0.999926
-0.00184436
  0.0120065
    4.44671
plane_body
  0.999915
-0.0083095
0.00999952
   4.45386
Covariance
1 0 0
0 1 0
0 0 1
keyframe_node_id
63
keyframe_node_pose
  -0.221269   -0.974136   0.0458111    0.783227
   0.975083   -0.221761 -0.00589836     1.88933
  0.0159049   0.0433645    0.998933 -0.00272095
          0           0           0           1
plane_node_id
64
plane_node_pose
  0.999915
-0.0083095
0.00999952
   4.45386
type
x
color
241
5
179
fixed
0
keyframe_vec_node_ids
63
66
71
74
75
77
78
86
89
93
98
100
103
105
106
107
110
