id
70
Plane_x1 
  0.999875
-0.0062041
 0.0145757
  0.981336
Plane_x2 
-0.999775
0.0057741
0.0203903
  2.28899
Plane_y1 
-0.00990912
  -0.999391
  0.0334629
    3.69241
Plane_y2 
0.00619022
  0.999613
 0.0271266
   1.17864
plane_x1_id 
60
plane_x2_id 
61
plane_y1_id 
59
plane_y2_id 
62
plane_x1_node 
   0.999948
-0.00953659
-0.00372256
   0.987085
plane_x2_node 
 -0.998584
0.00709106
 0.0527319
   2.27674
plane_y1_node 
-0.00709409
  -0.999668
  0.0247636
    3.70008
plane_y2_node 
0.00994878
  0.999414
 0.0327496
   1.16955
room_node 
        1         0         0  0.650548
        0         1         0   1.26163
        0         0         1 -0.100314
        0         0         0         1
room_keyframes_ids
