id
61
Plane 
-0.999775
0.0057741
0.0203903
  2.28899
plane_body
  -0.99857
0.00710049
 0.0529816
   2.27562
Covariance
1 0 0
0 1 0
0 0 1
keyframe_node_id
58
keyframe_node_pose
    0.999939    0.0014869     0.010971  -0.00679892
 -0.00149701     0.999998  0.000913407   0.00879898
  -0.0109696 -0.000929775     0.999939    0.0139524
           0            0            0            1
plane_node_id
61
plane_node_pose
  -0.99857
0.00710049
 0.0529816
   2.27562
type
x
color
2
254
26
fixed
0
keyframe_vec_node_ids
58
63
66
78
81
83
85
