id
70
Plane_x1 
  0.999875
-0.0062041
 0.0145757
  0.981336
Plane_x2 
-0.999775
0.0057741
0.0203903
  2.28899
Plane_y1 
-0.00990912
  -0.999391
  0.0334629
    3.69241
Plane_y2 
0.00619022
  0.999613
 0.0271266
   1.17864
plane_x1_id 
60
plane_x2_id 
61
plane_y1_id 
59
plane_y2_id 
62
plane_x1_node 
   0.999961
-0.00618591
 0.00622444
   0.981962
plane_x2_node 
 -0.999048
0.00384212
 0.0434543
   2.28212
plane_y1_node 
-0.0052729
  -0.99965
 0.0259153
   3.69343
plane_y2_node 
0.00757378
   0.99945
 0.0322839
   1.17599
room_node 
        1         0         0  0.654296
        0         1         0   1.25705
        0         0         1 -0.100314
        0         0         0         1
room_keyframes_ids
