id
73
Plane 
-0.999746
0.0091004
0.0206249
 -1.12571
plane_body
 -0.999441
0.00935156
  0.032098
   -1.1216
Covariance
1 0 0
0 1 0
0 0 1
keyframe_node_id
71
keyframe_node_pose
 -0.00020644     0.999837    0.0180529     -1.63102
   -0.999998 -0.000162958  -0.00241005      0.42876
 -0.00240671   -0.0180534     0.999834    0.0943251
           0            0            0            1
plane_node_id
73
plane_node_pose
 -0.999441
0.00935156
  0.032098
   -1.1216
type
x
color
11
26
225
fixed
0
keyframe_vec_node_ids
71
74
75
77
