id
64
Plane 
   0.999926
-0.00184436
  0.0120065
    4.44671
plane_body
   0.999902
-0.00834637
  0.0111984
    4.45267
Covariance
1 0 0
0 1 0
0 0 1
keyframe_node_id
63
keyframe_node_pose
  -0.221164   -0.974176   0.0454614    0.784352
   0.975087   -0.221706 -0.00716901     1.88746
  0.0170629   0.0427433     0.99894 -0.00160177
          0           0           0           1
plane_node_id
64
plane_node_pose
   0.999902
-0.00834637
  0.0111984
    4.45267
type
x
color
241
5
179
fixed
0
keyframe_vec_node_ids
63
66
71
74
75
77
78
86
89
93
98
