id
71
Plane_x1 
 0.999193
0.0188529
0.0354734
   1.7677
Plane_x2 
-0.999544
-0.019243
0.0232598
  1.47451
Plane_y1 
 -0.02174
 0.999199
0.0335873
  2.02209
Plane_y2 
0.0256829
-0.999442
0.0213335
  2.59444
plane_x1_id 
59
plane_x2_id 
60
plane_y1_id 
61
plane_y2_id 
64
plane_x1_node 
 0.999204
0.0166436
0.0362553
  1.77183
plane_x2_node 
 -0.999771
-0.0177392
 0.0119953
   1.47555
plane_y1_node 
-0.0197065
  0.998003
 0.0600117
   2.02646
plane_y2_node 
  0.0213763
  -0.999762
-0.00446098
    2.59384
room_node 
        1         0         0 -0.155418
        0         1         0  0.283734
        0         0         1 -0.110134
        0         0         0         1
room_keyframes_ids
