id
60
Plane 
  0.999875
-0.0062041
 0.0145757
  0.981336
plane_body
   0.999949
-0.00931735
-0.00382777
   0.986905
Covariance
1 0 0
0 1 0
0 0 1
keyframe_node_id
58
keyframe_node_pose
    0.999928   0.00133487     0.011952   -0.0056144
 -0.00133268     0.999999 -0.000191283   0.00704691
  -0.0119522  0.000175341     0.999929    0.0110402
           0            0            0            1
plane_node_id
60
plane_node_pose
   0.999949
-0.00931735
-0.00382777
   0.986905
type
x
color
60
236
84
fixed
0
keyframe_vec_node_ids
58
63
78
81
83
85
98
100
