id
77
Plane_x1 
-0.998524
0.0115771
0.0530669
  6.55643
Plane_x2 
   0.999837
 -0.0169079
-0.00639049
   -2.47955
Plane_y1 
-0.00897571
  -0.999532
  0.0292424
   0.333796
Plane_y2 
0.00840287
  0.999767
 0.0198877
   3.12633
plane_x1_id 
59
plane_x2_id 
65
plane_y1_id 
64
plane_y2_id 
47
plane_x1_node 
 -0.998731
0.00954813
 0.0494496
   6.54804
plane_x2_node 
   0.999882
 -0.0152269
-0.00201236
   -2.47403
plane_y1_node 
-0.00774802
  -0.999436
  0.0326873
   0.327426
plane_y2_node 
0.0074324
 0.999884
0.0133139
  3.12942
room_node 
        1         0         0   4.49653
        0         1         0  -1.45106
        0         0         1 -0.217856
        0         0         0         1
room_keyframes_ids
