id
97
Plane 
 -0.997676
-0.0444839
 0.0516144
   3.55306
plane_body
 -0.997184
-0.0457542
 0.0594157
   3.55304
Covariance
1 0 0
0 1 0
0 0 1
keyframe_node_id
93
keyframe_node_pose
  0.99645 -0.081077 0.0227238 -0.713997
0.0803038  0.996222 0.0330933    9.4373
-0.025321 -0.031151  0.999194  0.109442
        0         0         0         1
plane_node_id
97
plane_node_pose
 -0.997184
-0.0457542
 0.0594157
   3.55304
type
x
color
147
7
172
fixed
0
keyframe_vec_node_ids
93
98
100
103
105
106
107
110
