id
61
Plane 
-0.999775
0.0057741
0.0203903
  2.28899
plane_body
 -0.998743
0.00420454
  0.049954
   2.28255
Covariance
1 0 0
0 1 0
0 0 1
keyframe_node_id
58
keyframe_node_pose
    0.99995 -0.00128275  0.00991449 0.000219236
 0.00126309    0.999997  0.00198936  0.00172716
-0.00991702 -0.00197674    0.999949   0.0140988
          0           0           0           1
plane_node_id
61
plane_node_pose
 -0.998743
0.00420454
  0.049954
   2.28255
type
x
color
2
254
26
fixed
0
keyframe_vec_node_ids
58
63
66
78
81
