id
73
Plane 
-0.999746
0.0091004
0.0206249
 -1.12571
plane_body
-0.999473
0.0087684
 0.031243
 -1.12667
Covariance
1 0 0
0 1 0
0 0 1
keyframe_node_id
71
keyframe_node_pose
 -0.00116701     0.999771    0.0214067     -1.63365
          -1  -0.00115305 -0.000664575     0.436568
 -0.00063974   -0.0214074     0.999771     0.109729
           0            0            0            1
plane_node_id
73
plane_node_pose
-0.999473
0.0087684
 0.031243
 -1.12667
type
x
color
11
26
225
fixed
0
keyframe_vec_node_ids
71
74
75
77
86
89
105
106
115
117
118
119
120
121
122
123
124
126
128
