id
109
Plane_x1 
   0.999922
-0.00814279
 0.00947942
    4.45379
Plane_x2 
 -0.999585
0.00811621
 0.0276294
  -1.12358
Plane_y1 
-0.0119875
 -0.997848
 0.0644718
   12.7037
Plane_y2 
 0.0153131
  0.999724
-0.0178064
  -8.43114
plane_x1_id 
64
plane_x2_id 
73
plane_y1_id 
91
plane_y2_id 
96
plane_x1_node 
   0.999948
-0.00813484
 0.00609669
    4.45162
plane_x2_node 
-0.999473
0.0087684
 0.031243
 -1.12667
plane_y1_node 
-0.00831309
  -0.997725
  0.0669025
    12.7048
plane_y2_node 
 0.0121757
  0.999721
-0.0202255
  -8.43557
room_node 
        1         0         0  -2.68459
        0         1         0   10.5776
        0         0         1 -0.107092
        0         0         0         1
room_keyframes_ids
