id
104
Plane_x1 
   0.999948
-0.00953659
-0.00372256
   0.987085
Plane_x2 
 -0.997174
-0.0454597
 0.0598116
   3.55051
Plane_y1 
 0.0105839
  0.999888
-0.0105887
  -8.18471
Plane_y2 
-0.00996452
  -0.998848
  0.0469459
    10.5773
plane_x1_id 
60
plane_x2_id 
97
plane_y1_id 
94
plane_y2_id 
95
plane_x1_node 
   0.999951
-0.00957609
-0.00264454
   0.988121
plane_x2_node 
 -0.997184
-0.0457542
 0.0594157
   3.55304
plane_y1_node 
0.00626184
   0.99991
-0.0118915
   -8.1969
plane_y2_node 
-0.00930425
  -0.998531
   0.053376
    10.5721
room_node 
        1         0         0   1.36801
        0         1         0   9.45716
        0         0         1 -0.443897
  3.54959 -0.142024 0.0485011  0.143554
room_keyframes_ids
