id
61
Plane 
-0.999775
0.0057741
0.0203903
  2.28899
plane_body
 -0.999048
0.00384212
 0.0434543
   2.28212
Covariance
1 0 0
0 1 0
0 0 1
keyframe_node_id
58
keyframe_node_pose
     0.99999 -0.000852671   0.00447858  -0.00101649
 0.000849527     0.999999   0.00070387  0.000404181
 -0.00447918 -0.000700058      0.99999    0.0135234
           0            0            0            1
plane_node_id
61
plane_node_pose
 -0.999048
0.00384212
 0.0434543
   2.28212
type
x
color
2
254
26
fixed
0
keyframe_vec_node_ids
58
63
66
