id
64
Plane 
   0.999926
-0.00184436
  0.0120065
    4.44671
plane_body
   0.999929
-0.00803423
 0.00881942
    4.45244
Covariance
1 0 0
0 1 0
0 0 1
keyframe_node_id
63
keyframe_node_pose
  -0.221398   -0.974062   0.0467582    0.784041
   0.975032   -0.221954 -0.00699635     1.88768
  0.0171931   0.0440417    0.998882 -0.00437318
          0           0           0           1
plane_node_id
64
plane_node_pose
   0.999929
-0.00803423
 0.00881942
    4.45244
type
x
color
241
5
179
fixed
0
keyframe_vec_node_ids
63
66
71
74
75
77
78
86
89
93
98
100
103
