id
74
Plane_x1 
  -0.99958
-0.0211369
 0.0198045
   1.47627
Plane_x2 
    0.999
0.0260784
0.0363199
  1.74471
Plane_y1 
0.0217807
-0.999337
0.0291689
  5.34947
Plane_y2 
-0.0254772
  0.999303
 0.0272814
  -2.86415
plane_x1_id 
60
plane_x2_id 
68
plane_y1_id 
63
plane_y2_id 
69
plane_x1_node 
 -0.999775
-0.0193446
 0.0086872
   1.47476
plane_x2_node 
 0.998867
   0.0192
0.0435445
  1.77043
plane_y1_node 
0.0206386
-0.999719
0.0116725
  5.34736
plane_y2_node 
-0.0216853
  0.999217
 0.0330867
   -2.8568
room_node 
        1         0         0 -0.233155
        0         1         0   4.09748
        0         0         1 -0.267416
        0         0         0         1
room_keyframes_ids
