id
78
Plane_x1 
  -0.999861
   -0.01634
-0.00336401
    1.47154
Plane_x2 
 0.998781
0.0178042
0.0460331
  1.76089
Plane_y1 
 0.0160327
 -0.999871
0.00123257
   10.8908
Plane_y2 
-0.0190398
  0.999438
 0.0275722
  -8.15659
plane_x1_id 
33
plane_x2_id 
63
plane_y1_id 
64
plane_y2_id 
73
plane_x1_node 
 -0.999859
-0.0167498
0.00116817
   1.47297
plane_x2_node 
 0.998836
0.0152188
0.0457616
  1.77753
plane_y1_node 
  0.0146546
  -0.999871
-0.00651256
    10.8971
plane_y2_node 
-0.0218662
  0.999551
 0.0204722
  -8.15394
room_node 
        1         0         0 -0.320284
        0         1         0   9.52176
        0         0         1 -0.532687
        0         0         0         1
room_keyframes_ids
