id
82
Plane_x1 
   0.999921
-0.00731819
  0.0101717
    4.45016
Plane_x2 
 -0.999492
0.00849633
 0.0307265
  -1.12179
Plane_y1 
0.00833215
  0.999901
 0.0113116
  -2.03235
Plane_y2 
-0.00587544
  -0.999519
  0.0304466
    6.58962
plane_x1_id 
64
plane_x2_id 
73
plane_y1_id 
68
plane_y2_id 
69
plane_x1_node 
    0.99992
-0.00521523
   0.011524
    4.44866
plane_x2_node 
 -0.999569
0.00776538
 0.0282978
  -1.12182
plane_y1_node 
0.00847639
  0.999917
0.00969524
  -2.03474
plane_y2_node 
-0.00469978
  -0.999501
  0.0312339
    6.59509
room_node 
         1          0          0    -2.7607
         0          1          0    4.32914
         0          0          1 -0.0942198
         0          0          0          1
room_keyframes_ids
