id
78
Plane 
  0.999569
 0.0198887
-0.0215942
  -1.77469
plane_body
   0.99983
 0.0182001
0.00279076
  -1.78873
Covariance
1 0 0
0 1 0
0 0 1
keyframe_node_id
76
keyframe_node_pose
   0.999948 -0.00900071  0.00487615     2.03408
 0.00907496     0.99984  -0.0154259   -0.905394
-0.00473652   0.0154694    0.999869  -0.0208679
          0           0           0           1
plane_node_id
78
plane_node_pose
   0.99983
 0.0182001
0.00279076
  -1.78873
type
x
color
51
205
175
fixed
0
keyframe_vec_node_ids
76
80
81
84
85
86
90
92
95
